
Referenz (Langsam):  [370, 27, 16, 2, 44, 40, 41, 33, 50, 39, 38, 43, 52, 43, 23, 30, 26, 24, 23, 29, 16, 23, 18, 38, 48]
Langsam:             [339, 20, 14, 6, 25, 22, 26, 31, 31, 19, 9, 147, 2, 5, 12, 21, 19, 39, 58, 51, 69, 43, 83, 41, 78, 49, 46, 68, 68, 27, 100, 46, 59, 65, 65, 67, 53, 57, 83, 56, 55, 60, 71, 66, 38, 56, 85, 61, 56, 46]
Referenz (Schnell):  [292, 23, 30, 46, 52, 40, 25, 38, 42, 32, 45, 83, 40, 24, 27, 46, 42, 40, 36, 48, 41, 43, 39, 40, 36]
Schnell:             [407, 23, 19, 35, 42, 33, 52, 44, 38, 41, 40, 56, 41, 43, 27, 39, 37, 31, 44, 42, 29, 24, 29, 34, 52, 51, 29, 26, 43, 47, 24, 55, 47, 41, 36, 41, 33, 35, 23, 37, 38, 45, 35, 48, 22, 34, 33, 33, 52, 42]


Antwortzeiten in Millisekunden
|---------------------------------------------------------
|  Durchlauf          | Durchschnitt / Standardabweichung
|---------------------------------------------------------
|  Referenz (Langsam) | 45ms / 67.335
|  Langsam            | 54ms / 48.937
|  Referenz (Schnell) | 50ms / 50.7212
|  Schnell            | 45ms / 52.4892
|---------------------------------------------------------

|-----------------------------------
|  Durchlauf          | Min / Max
|-----------------------------------
|  Referenz (Langsam) | 2ms / 370ms
|  Langsam            | 2ms / 339ms
|  Referenz (Schnell) | 23ms / 292ms
|  Schnell            | 19ms / 407ms
|-----------------------------------

Zur nächsten Seite mit <ENTER>


Referenz (Langsam):  [0, 0, 0, 0, 0, 0, 0, 0, 0, 0, 1, 1, 0, 0, 0, 1, 1, 0, 0, 0, 0, 0, 0, 0, 1]
Langsam:             [0, 1, 1, 0, 0, 1, 0, 0, 0, 0, 0, 0, 0, 1, 0, 0, 1, 0, 0, 0, 0, 0, 0, 0, 1, 0, 1, 0, 0, 0, 0, 0, 0, 0, 1, 0, 0, 0, 0, 0, 0, 0, 0, 0, 0, 1, 0, 1, 0, 0]
Referenz (Schnell):  [0, 0, 0, 1, 0, 0, 0, 0, 0, 1, 1, 1, 0, 0, 0, 0, 0, 0, 1, 0, 0, 0, 0, 0, 0]
Schnell:             [0, 0, 0, 0, 1, 0, 1, 1, 1, 1, 0, 0, 0, 0, 0, 0, 0, 0, 1, 0, 0, 0, 0, 0, 0, 0, 0, 0, 0, 0, 0, 0, 1, 0, 0, 1, 0, 1, 0, 0, 0, 0, 0, 0, 0, 0, 0, 0, 0, 1]


Korrektheit der Antworten in Prozent
|---------------------------------------------------------
|  Durchlauf          | Durchschnitt / Standardabweichung
|---------------------------------------------------------
|  Referenz (Langsam) | 20% / 67.335
|  Langsam            | 20% / 48.937
|  Referenz (Schnell) | 20% / 50.7212
|  Schnell            | 20% / 52.4892
|---------------------------------------------------------

Zur nächsten Seite mit <ENTER>


